46 46 1 52
1 1 3 5 6 4 4 4 4 4 3 3 4 4 3 2 2 3 3 3 2 3 3 4 4 3 4 5 4 4 4 2 3 3 3 3 3 4 4 4 3 3 3 3 4 4 
1 1 3 7 7 6 6 6 4 8 6 4 5 5 3 2 2 3 3 3 2 4 6 5 4 4 6 9 7 5 6 2 3 4 5 4 4 6 4 4 5 3 3 4 4 4 
2 2 5 10 13 9 10 6 6 12 11 7 6 7 3 2 2 3 3 3 2 6 9 7 5 6 9 15 11 8 8 2 3 5 7 5 6 8 6 6 7 4 3 5 4 4 
3 5 7 12 11 9 11 8 9 16 17 10 7 7 3 2 2 3 3 3 2 9 15 10 7 7 12 19 13 10 9 2 3 6 11 9 9 11 8 9 10 6 6 4 4 4 
5 7 7 7 8 5 7 8 8 14 17 10 7 5 3 2 2 3 3 3 2 10 17 11 8 6 11 19 14 11 9 3 4 5 9 10 9 8 10 10 10 6 5 5 4 4 
7 11 7 6 4 2 6 10 8 9 8 5 4 4 3 2 2 3 3 3 3 9 13 10 7 7 10 15 14 12 7 5 3 4 9 12 9 9 10 10 10 6 6 5 4 4 
6 7 6 4 4 2 5 10 9 6 5 4 3 3 3 3 2 3 3 3 4 11 17 13 10 8 7 9 10 9 6 5 3 4 11 13 11 11 11 15 16 8 6 4 4 4 
4 3 3 4 3 3 5 9 11 7 6 3 3 3 3 3 3 3 3 3 6 16 23 19 15 10 8 8 12 7 5 4 2 5 9 8 10 15 10 12 10 6 4 4 4 4 
4 4 5 4 3 3 6 12 10 7 4 3 3 3 3 3 2 3 4 5 11 22 31 29 21 13 10 11 11 8 5 5 2 7 10 6 7 8 6 4 3 2 3 3 4 4 
4 5 6 5 4 5 5 6 6 4 3 2 3 3 3 2 2 3 5 10 16 26 33 36 26 18 13 15 15 8 7 4 3 6 6 5 3 3 3 3 2 2 3 3 4 4 
4 6 9 6 5 4 3 3 3 3 2 2 3 3 3 2 2 4 9 16 22 24 32 36 33 23 20 21 18 12 7 6 3 3 3 2 2 3 4 4 3 3 3 3 4 4 
3 5 7 7 7 6 5 5 5 5 4 4 4 5 5 4 5 8 17 27 28 28 29 35 34 32 27 23 21 15 9 7 5 5 4 3 3 4 6 4 3 4 3 3 4 4 
4 5 6 7 8 8 7 7 7 7 6 6 7 7 7 8 9 16 28 34 33 28 29 31 35 37 33 26 24 19 14 10 7 6 5 4 3 6 8 6 4 5 3 4 4 4 
7 8 9 11 11 11 10 10 10 10 9 9 10 11 12 13 17 25 36 39 34 31 33 33 33 37 35 33 30 24 17 13 9 8 6 5 4 8 11 7 6 5 4 4 5 4 
11 13 14 15 16 15 15 14 13 13 13 13 14 15 17 23 30 38 44 44 40 39 39 36 36 37 37 36 35 29 21 17 12 10 8 6 5 7 8 8 6 5 6 5 6 5 
8 11 10 11 10 9 9 9 9 9 8 9 9 11 17 25 36 42 47 45 41 42 42 40 41 43 40 40 38 29 20 15 11 9 8 5 4 5 6 7 7 8 8 5 5 4 
4 4 4 4 4 3 3 3 3 3 2 3 5 10 18 30 38 43 44 43 42 41 43 42 43 46 42 40 40 32 22 16 10 10 8 5 3 5 7 10 7 7 5 4 4 4 
4 3 4 5 4 3 3 3 3 3 3 4 9 17 29 38 44 42 42 43 41 40 41 40 42 45 44 43 40 35 31 23 15 14 15 8 5 4 5 7 5 4 4 3 4 4 
4 3 4 5 5 3 3 4 3 4 4 9 18 28 35 44 46 42 38 42 40 38 43 42 43 46 46 44 38 30 31 29 21 20 15 9 5 3 3 3 2 3 3 4 4 5 
5 5 4 4 6 4 5 4 4 6 9 18 30 36 41 45 48 42 41 42 42 42 47 47 45 46 45 40 33 28 32 36 32 25 17 10 7 4 4 4 3 3 4 4 4 5 
6 7 6 6 7 5 5 5 6 11 17 30 38 41 40 45 46 44 40 43 44 46 48 45 42 44 42 38 34 31 34 39 38 32 21 14 10 6 5 4 3 3 4 4 4 4 
9 12 9 9 7 7 8 8 11 18 29 38 44 44 43 43 45 45 44 43 44 45 46 44 43 44 40 35 35 33 32 37 36 33 26 19 13 9 7 5 4 3 3 4 4 4 
9 11 10 12 11 12 13 15 20 29 37 43 44 43 44 44 45 48 49 48 47 45 45 45 45 45 39 31 31 30 33 36 36 34 30 25 19 13 9 6 4 3 4 5 5 5 
12 12 14 15 16 18 21 24 28 34 41 42 41 40 41 42 44 50 52 52 49 46 44 44 43 43 37 32 31 30 33 36 35 33 32 30 24 19 13 8 5 3 3 4 4 5 
8 10 12 14 16 18 22 30 34 39 43 43 40 37 41 42 45 49 50 50 49 46 44 44 45 44 38 31 31 33 36 40 38 36 35 35 30 25 16 10 6 3 3 4 4 4 
3 6 12 15 17 18 22 27 31 38 43 46 44 41 43 44 43 47 45 45 45 46 42 44 45 44 34 29 30 33 39 42 41 37 40 40 37 28 18 11 7 4 4 4 4 4 
3 5 8 10 11 11 14 21 28 35 39 44 44 40 44 44 44 44 43 37 42 45 42 41 44 43 38 29 26 31 36 39 40 38 38 41 35 28 17 10 5 3 3 4 4 4 
4 3 3 3 3 3 5 11 22 28 33 40 42 43 46 43 39 40 39 39 41 45 43 45 44 45 45 36 27 27 33 35 39 36 38 37 30 20 12 6 4 3 3 4 4 4 
4 4 4 5 6 6 4 7 13 22 31 40 43 46 46 42 37 35 36 36 41 42 44 46 43 44 45 39 28 28 26 31 36 38 35 31 20 12 6 4 4 3 3 3 4 4 
6 6 7 7 7 7 6 6 9 15 27 35 41 43 44 40 35 36 36 41 41 38 41 43 41 38 42 38 31 27 24 26 34 34 30 21 12 6 4 4 4 4 4 4 4 4 
6 9 9 10 10 9 8 9 9 12 18 28 35 40 39 36 39 41 45 48 45 42 40 42 40 40 40 38 36 32 23 23 30 27 19 13 6 4 4 4 3 4 4 4 4 4 
8 13 15 14 13 12 12 12 13 13 15 21 28 34 36 39 43 46 49 50 47 45 43 42 42 42 40 38 38 34 24 24 25 19 13 10 5 4 5 5 4 4 5 5 5 5 
6 8 10 11 10 9 9 9 9 9 8 12 21 28 36 40 42 43 46 47 46 46 45 44 44 43 40 37 38 34 25 20 19 12 8 5 3 4 6 8 5 3 4 4 4 4 
3 3 4 7 7 5 6 5 3 4 2 4 11 22 30 37 39 41 42 43 43 43 43 43 44 44 41 40 39 34 23 16 11 8 4 3 2 3 7 8 5 4 5 3 4 4 
3 3 5 9 10 8 9 7 4 5 2 2 5 11 22 29 36 39 39 39 38 40 38 39 40 40 38 37 34 30 22 12 7 4 3 2 2 3 7 10 6 5 4 3 4 4 
3 2 5 13 14 12 12 7 5 4 3 2 3 5 11 20 28 35 34 32 33 35 32 34 35 34 30 32 25 18 13 8 4 3 3 2 2 3 5 6 5 3 3 3 4 4 
3 3 5 9 11 9 7 6 4 4 3 3 3 3 4 10 21 30 31 26 28 31 28 31 34 28 25 24 20 11 7 3 2 3 3 2 2 3 3 3 2 2 3 3 4 4 
4 3 3 5 6 5 4 5 3 4 4 3 3 3 3 4 11 22 26 27 31 32 31 34 36 31 24 23 15 10 4 3 3 3 3 2 2 3 3 3 2 2 3 3 4 4 
4 3 3 7 10 6 6 4 3 4 3 3 3 3 3 2 4 11 19 26 34 34 31 34 38 33 27 18 11 5 3 2 3 4 3 3 3 3 4 3 3 3 3 3 4 4 
4 3 4 8 8 6 6 4 4 4 4 4 4 4 3 2 2 5 11 22 30 35 34 37 36 28 19 12 6 3 2 2 3 4 5 3 3 4 4 5 3 3 4 3 4 4 
3 2 5 8 7 5 7 4 5 7 6 5 5 4 4 2 2 3 5 12 23 31 34 34 31 20 11 5 3 3 2 2 3 6 7 5 4 5 5 6 5 3 5 3 4 4 
2 2 7 13 11 8 7 4 7 9 9 8 7 6 4 2 2 3 3 5 13 25 30 27 20 12 5 3 3 3 2 3 5 10 12 7 6 4 7 11 6 5 4 3 4 5 
1 2 7 14 13 11 7 6 10 14 15 11 8 5 3 2 2 3 3 3 7 20 25 18 12 9 3 3 3 3 2 3 8 11 10 7 7 5 6 7 6 4 5 4 4 5 
2 2 5 9 15 14 8 7 9 10 9 7 5 4 3 2 3 3 3 3 4 14 20 13 8 7 2 3 3 3 2 5 11 14 9 8 6 5 5 4 4 4 5 4 4 6 
2 2 2 5 9 8 6 6 7 5 3 4 3 4 4 3 2 3 3 3 2 10 16 10 7 6 2 3 3 3 2 6 14 11 8 5 6 8 6 5 3 4 7 5 5 5 
3 2 3 3 4 4 3 6 9 6 4 3 3 4 3 2 2 3 3 3 2 8 12 8 6 4 2 3 3 3 2 5 7 6 4 3 4 5 5 4 3 4 5 4 4 5 
