46 46 1 50
1 1 3 6 6 8 8 6 6 8 6 6 6 5 3 3 3 3 3 3 3 5 5 5 5 5 6 6 6 6 6 3 3 4 5 5 6 6 5 6 6 4 4 4 3 4 
1 2 4 6 6 8 8 6 6 10 8 8 8 7 3 3 3 3 3 3 3 7 7 7 7 7 9 9 9 9 9 3 3 4 5 5 6 6 5 6 6 4 4 4 3 4 
4 4 6 9 9 8 9 8 7 11 10 8 8 7 3 3 3 3 3 3 3 7 7 7 7 7 11 11 12 12 12 4 4 4 6 6 8 8 6 6 6 4 4 4 3 4 
5 5 6 9 9 8 9 8 7 11 10 8 8 7 3 3 3 3 3 3 3 9 9 9 9 9 11 11 12 12 12 4 4 4 8 8 10 10 10 10 10 8 8 6 3 4 
6 5 7 7 7 6 7 7 9 13 11 10 8 7 3 3 3 3 3 3 3 10 10 10 10 10 9 11 12 12 12 5 4 4 8 8 12 12 12 12 12 8 8 6 3 4 
6 6 5 5 5 3 6 8 8 10 10 6 5 5 3 3 3 3 3 3 4 11 13 13 13 12 9 9 10 10 10 5 4 5 8 8 10 10 10 9 9 7 7 5 3 4 
7 6 5 5 5 3 6 8 8 8 8 4 3 3 3 3 3 3 3 3 6 12 16 16 16 13 8 8 9 9 9 7 4 5 8 8 10 10 10 9 9 7 7 5 3 4 
5 6 5 5 4 4 5 6 6 6 6 4 3 3 3 3 3 3 3 4 8 16 21 23 21 18 11 9 8 8 7 6 2 5 7 7 9 9 9 9 9 7 7 5 3 4 
5 6 5 5 5 5 5 7 7 6 6 4 3 3 3 3 3 3 5 7 12 19 26 27 26 21 16 15 11 9 9 7 2 5 5 5 7 7 5 5 5 3 3 3 3 4 
4 5 5 4 4 4 5 5 5 5 5 3 3 3 3 3 3 4 8 13 18 23 30 32 30 27 23 18 13 10 8 6 3 5 5 5 5 5 3 3 3 3 3 3 3 4 
4 5 5 4 5 5 3 3 3 3 3 3 3 3 3 3 3 6 11 16 20 24 30 30 30 29 27 24 20 15 12 9 4 3 3 3 3 5 5 5 5 5 3 3 3 4 
6 8 10 11 11 11 10 9 9 9 8 9 9 9 9 10 11 15 21 27 28 31 33 32 31 32 31 28 24 19 15 12 9 7 6 5 5 6 5 5 5 5 3 3 4 4 
5 7 8 10 10 10 10 9 9 9 8 9 9 9 9 12 14 20 28 32 34 34 35 32 34 35 35 33 29 23 17 14 9 7 6 5 5 6 5 5 6 6 4 4 5 4 
6 7 8 10 10 9 9 9 9 9 8 9 9 9 11 15 20 28 35 38 38 39 38 35 37 39 37 35 33 26 19 16 10 7 6 5 5 6 7 7 8 8 6 4 5 4 
7 7 9 10 10 10 10 9 9 9 8 9 9 11 15 21 27 34 40 41 41 41 38 35 38 39 37 38 38 33 26 20 13 10 7 7 6 7 7 7 8 7 6 4 5 4 
7 8 9 10 10 10 9 9 9 9 8 9 10 14 20 27 35 40 44 45 43 42 41 39 41 42 40 42 38 33 27 21 14 12 9 7 6 6 5 5 6 6 6 4 5 4 
5 4 4 4 4 4 4 3 3 3 3 4 8 13 20 30 37 40 44 44 41 42 43 42 44 46 44 44 39 33 28 23 15 14 10 6 4 4 5 5 6 6 6 4 5 4 
5 4 4 3 3 4 4 3 3 3 4 8 13 18 28 35 40 40 44 43 41 42 44 43 43 45 43 42 39 35 32 28 23 21 15 10 7 5 5 5 5 5 5 3 4 4 
6 6 5 5 5 4 4 4 3 5 8 14 21 28 35 41 44 42 43 42 40 40 43 42 43 45 43 43 39 37 34 32 27 26 19 13 8 5 3 3 3 3 3 3 4 4 
6 5 5 5 5 4 4 4 5 9 14 22 30 35 41 44 45 42 43 43 41 41 45 44 45 47 43 41 36 33 32 33 31 30 25 17 11 6 5 4 3 3 4 4 4 5 
8 9 9 11 10 9 9 9 11 14 20 28 35 38 42 45 45 44 46 47 45 45 47 45 45 45 40 37 34 32 31 34 33 32 26 21 13 9 6 5 3 3 4 4 4 5 
8 8 9 10 9 8 10 12 16 21 29 35 38 40 42 42 43 44 47 47 46 45 46 44 44 44 40 38 36 34 33 36 36 35 31 26 19 13 10 7 4 3 3 3 4 4 
7 10 12 15 16 16 18 19 23 29 35 39 43 44 44 44 44 47 48 49 48 46 46 45 45 44 38 36 33 32 32 37 35 35 33 29 24 19 14 9 6 4 4 4 4 5 
6 8 10 13 14 16 20 22 28 34 40 42 42 42 42 42 43 48 48 49 48 46 43 43 43 42 36 34 32 31 32 37 38 38 37 34 30 25 19 12 7 3 4 4 4 5 
6 9 11 13 14 16 20 24 29 34 40 42 40 40 41 41 42 48 47 48 49 47 44 44 44 42 38 35 32 31 32 36 36 37 36 35 31 27 21 14 7 3 3 3 4 4 
4 5 6 8 10 11 15 19 26 32 40 44 44 44 44 43 41 45 42 43 44 45 43 46 47 45 41 36 34 32 33 37 39 41 42 39 34 29 22 13 7 4 4 4 4 4 
4 5 6 8 10 11 13 15 20 27 35 40 44 45 46 43 41 42 38 39 40 42 41 44 43 42 39 34 30 29 29 33 36 39 39 37 31 26 18 11 7 4 4 4 4 4 
5 4 3 3 3 3 5 8 13 19 29 36 40 43 45 42 39 41 37 39 40 42 40 44 42 43 43 38 34 32 28 30 35 36 36 34 26 19 14 8 5 3 3 3 4 4 
7 8 8 9 9 9 8 10 14 17 26 33 38 42 44 41 40 40 39 41 43 43 43 44 42 42 43 38 34 31 28 28 31 32 31 29 20 14 9 5 3 3 4 4 4 4 
6 8 8 9 9 9 8 8 10 14 20 27 35 40 42 43 40 40 39 41 41 43 42 43 41 42 42 38 35 31 26 27 29 27 26 23 15 9 6 4 4 4 4 4 4 4 
6 8 8 9 9 8 7 8 8 10 14 19 27 34 38 41 41 42 43 45 45 45 44 43 40 42 41 39 37 33 26 26 24 20 17 16 9 6 4 3 4 4 4 3 4 4 
5 7 8 9 9 9 8 8 8 8 10 14 19 27 33 38 41 44 45 47 47 46 45 44 43 43 42 41 41 36 29 27 22 15 12 11 6 4 6 5 6 6 6 3 4 4 
5 7 9 13 13 14 13 12 10 10 8 10 14 19 27 34 39 43 44 44 44 44 43 42 42 42 40 38 37 32 25 22 17 11 8 7 4 4 6 5 5 5 5 3 4 4 
3 3 4 7 6 8 8 7 4 4 3 4 8 13 20 29 34 39 40 40 39 40 37 39 40 39 36 37 34 29 23 19 12 7 4 4 3 3 5 5 5 5 5 3 3 4 
4 3 4 7 6 8 8 7 4 5 3 3 5 8 13 20 28 35 36 37 38 37 34 38 39 37 36 35 30 25 20 13 8 5 3 3 3 3 5 5 5 5 5 3 3 4 
4 3 4 8 8 10 10 8 4 5 3 3 3 5 7 13 19 28 30 33 35 34 30 34 34 33 32 31 25 20 15 10 6 4 3 3 3 3 5 5 5 5 5 3 3 4 
4 4 4 8 8 10 10 8 5 5 3 3 3 3 4 7 12 19 23 29 32 33 31 35 35 31 28 27 19 12 8 5 2 3 3 3 3 3 3 3 3 3 3 3 3 4 
5 4 3 4 4 5 5 5 3 3 3 3 3 3 3 4 8 14 17 24 30 32 31 36 34 29 25 22 14 8 6 4 3 3 3 3 3 3 3 3 3 3 3 3 3 4 
4 4 5 6 6 6 6 5 3 3 3 3 3 3 3 3 4 8 11 19 27 31 34 37 35 29 25 19 12 6 4 3 3 5 5 5 5 5 5 5 5 5 5 3 3 4 
4 3 6 8 8 8 8 5 5 7 7 7 7 5 3 3 3 4 7 13 22 28 31 33 31 24 18 13 8 4 3 3 3 5 5 5 5 5 5 5 5 5 5 3 3 4 
3 3 6 7 9 10 10 7 7 7 7 7 7 5 3 3 3 3 4 8 15 23 28 30 28 21 13 8 4 3 3 3 5 7 7 7 7 5 5 5 5 5 5 3 3 4 
3 2 6 7 9 9 9 6 7 7 7 7 8 6 4 3 3 3 3 4 10 17 21 23 21 16 8 4 3 3 3 5 7 9 9 9 9 6 6 6 6 6 6 4 5 5 
2 2 5 7 10 10 10 8 9 8 9 9 8 6 4 3 3 3 3 3 6 15 17 17 17 13 4 3 3 3 3 5 7 9 9 9 9 6 6 6 6 6 6 4 5 5 
3 2 4 6 8 8 8 8 9 8 9 9 7 5 3 3 3 3 3 3 4 11 11 11 11 10 3 3 3 3 3 5 7 7 7 7 7 4 4 4 4 4 4 4 5 5 
3 3 2 4 7 7 7 8 7 4 4 4 3 3 3 3 3 3 3 3 3 8 8 8 8 8 3 3 3 3 3 5 7 7 7 7 7 4 4 4 4 4 4 4 5 5 
3 3 3 3 3 3 3 5 5 4 4 4 3 3 3 3 3 3 3 3 3 6 6 6 6 6 3 3 3 3 3 5 5 5 5 5 4 4 4 4 4 4 4 4 5 5 
